0.050106
0.050075
0.050104
0.050097
0.050089
0.050081
0.050179
0.050110
0.050066
0.050074
0.050111
0.050084
0.050094
0.050121
0.050117
0.050099
0.050069
0.050102
0.050082
0.050133
0.050082
0.050174
0.050088
0.050092
0.050085
0.050111
0.050226
0.050099
0.050094
0.050073
0.050086
0.050064
0.050143
0.050134
0.050130
0.050139
0.050096
0.050077
0.050191
0.050176
0.050198
0.050095
0.050187
0.050188
0.050100
0.050107
0.050132
0.050190
0.050116
0.050089
0.050074
0.050071
0.050066
0.050065
0.050080
0.050085
0.050151
0.050088
0.050139
0.050097
0.050095
0.050067
0.050063
0.050073
0.050075
0.050075
0.050113
0.050116
0.050098
0.050109
0.050104
0.050067
0.050096
0.050071
0.050087
0.050105
0.050105
0.050082
0.050086
0.050150
0.050066
0.050143
0.050137
0.050114
0.050097
0.050088
0.050079
0.050071
0.050080
0.050253
0.050071
0.050116
0.050070
0.050076
0.050071
0.050092
0.050063
0.050107
0.050062
0.050083
0.050090
0.050061
0.050075
0.050062
0.050076
0.050087
0.050129
0.050037
0.050066
0.050065
0.050083
0.050087
0.050161
0.050203
0.050064
0.050063
0.050064
0.050303
0.050078
0.050090
0.051386
0.052179
0.052932
0.050088
0.050079
0.050063
0.050067
0.050070
0.050079
0.050087
0.050153
0.050094
0.050081
0.050136
0.050187
0.050118
0.050077
0.050066
0.050086
0.050069
0.050143
0.050064
0.050130
0.050118
0.050071
0.050092
0.050095
0.050093
0.050096
0.050080
0.050187
0.050109
0.050108
0.050087
0.050098
0.050079
0.050088
0.050073
0.050096
0.050084
0.050075
0.050101
0.050174
0.050192
0.050175
0.050108
0.050179
0.050141
0.050087
0.050087
0.050099
0.050091
0.050100
0.050133
0.050082
0.050114
0.050129
0.050197
0.050188
0.050193
0.050191
0.050128
0.050188
0.050215
0.050107
0.050198
0.050189
0.050190
0.050187
0.050188
0.050188
0.050190
0.050140
0.050189
0.050087
0.050090
0.050089
0.050198
0.050138
0.050080
0.050084
0.050100
0.050102
0.050197
0.050124
0.050194
0.050109
0.050136
0.050186
0.050196
0.050146
0.050183
0.050118
0.050093
0.050089
0.050170
0.050110
0.050071
0.050179
0.050069
0.050067
0.053234
0.050065
0.050074
0.050077
0.050080
0.050097
0.050075
0.050065
0.050086
0.050101
0.050099
0.050114
0.050134
0.050132
0.050073
0.050081
0.050092
0.050097
0.050138
0.050118
0.050096
0.050120
0.050134
0.050181
0.050186
0.050243
0.050092
0.050193
0.050132
0.050196
0.050099
0.050189
0.050127
0.050189
0.050196
0.050082
0.050117
0.050099
0.050138
0.050141
0.050144
0.050188
0.050192
0.050157
0.050109
0.050179
0.050145
0.050102
0.050091
0.050099
0.050115
0.050097
0.050101
0.050097
0.050085
0.050074
0.050100
0.050099
0.050141
0.050185
0.050101
0.050499
0.050385
0.050089
0.050056
0.050064
0.050145
0.050128
0.050137
0.050146
0.050145
0.050188
0.050194
0.050124
0.050107
0.050195
0.050188
0.050137
0.050190
0.050190
0.050195
0.050071
0.050186
0.050190
0.050192
0.050192
0.050115
0.050083
0.050112
0.050182
0.050190
0.050089
0.050098
0.050196
0.050089
0.050095
0.050107
0.050132
0.050087
0.050090
0.050118
0.050110
0.050103
0.050093
0.050252
0.050106
0.050075
0.050070
0.050063
0.050086
0.052888
0.050086
0.050091
0.051654
0.050068
0.050065
0.050093
0.050115
0.050192
0.050103
0.050190
0.050102
0.050187
0.050081
0.050075
0.050093
0.050075
0.050065
0.050090
0.050082
0.050073
0.050077
0.050067
0.050067
0.050084
0.050091
0.050103
0.050105
0.050186
0.050116
0.050108
0.050084
0.050122
0.050211
0.050200
0.050172
0.050068
0.050100
0.050075
0.050083
0.050102
0.050126
0.050132
0.050218
0.050103
0.050102
0.050096
0.050103
0.050100
0.050183
0.050188
0.050093
0.050096
0.050188
0.050190
0.050089
0.050174
0.050194
0.050189
0.050190
0.050190
0.050098
0.050166
0.050115
0.050109
0.050078
0.050086
0.050075
0.050103
0.050076
0.050090
0.050139
0.050075
0.050101
0.050125
0.050096
0.050079
0.050136
0.050079
0.050158
0.050077
0.050067
0.050074
0.050093
0.050158
0.050072
0.050098
0.050075
0.050105
0.050137
0.050107
0.050088
0.050067
0.050228
0.050065
0.050108
0.050098
0.050096
0.050122
0.050086
0.050091
0.050071
0.050097
0.050172
0.050084
0.050086
0.050088
0.050107
0.050107
0.050086
0.050090
0.050086
0.050080
0.050072
0.050095
0.050087
0.050282
0.050069
0.050077
0.050071
0.050157
0.050122
0.050130
0.050137
0.050179
0.050153
0.050649
0.052725
0.050066
0.050060
0.050194
0.050189
0.050079
0.050097
0.050096
0.050118
0.050130
0.050086
0.050085
0.050188
0.050194
0.050190
0.050228
0.050109
0.050123
0.050123
0.050116
0.050088
0.050083
0.050118
0.050138
0.050104
0.050110
0.050106
0.050132
0.050113
0.050191
0.050115
0.050074
0.050131
0.050130
0.050101
0.050188
0.050191
0.050134
0.050188
0.050137
0.050143
0.050106
0.050143
0.050143
0.050148
0.050229
0.050190
0.050146
0.050193
0.050191
0.050189
0.050138
0.050189
0.050094
0.050090
0.050085
0.050099
0.050113
0.050070
0.050100
0.050090
0.050144
0.050081
0.050108
0.050108
0.050073
0.050086
0.050079
0.050087
0.050105
0.050096
0.050081
0.050116
0.050103
0.050134
0.050036
0.050085
0.050143
0.050122
0.050129
0.050127
0.050249
0.050102
0.050118
0.050094
0.050070
0.050187
0.050076
0.050076
0.050062
0.050140
0.050107
0.050092
0.050129
0.050085
0.050168
0.050104
0.050114
0.050117
0.050100
0.050094
0.050128
0.050129
0.050095
0.050117
0.050196
0.050196
0.050197
0.050090
0.050141
0.050120
0.050071
0.050089
0.050132
0.050132
0.050131
0.050193
0.050081
0.050126
0.050087
0.050091
0.050104
0.050111
0.050072
0.050072
0.050135
0.050093
0.050125
0.050188
0.050189
0.050196
0.050120
0.050131
0.050071
0.050099
0.050143
0.050138
0.050147
0.050116
0.050140
0.050200
0.050087
0.050192
0.050082
0.050134
0.050063
0.050107
0.050073
0.050090
0.050065
0.050080
0.050109
0.050131
0.050099
0.050105
0.050100
0.050104
0.050101
0.050165
0.050096
0.050091
0.050554
0.050104
0.050082
0.050071
0.051992
0.050072
0.050078
0.050081
0.050066
0.050114
0.050073
0.050078
0.050205
0.050101
0.050079
0.050075
0.050166
0.050134
0.050097
0.050089
0.050086
0.050088
0.050086
0.050085
0.050090
0.050089
0.050090
0.050088
0.050143
0.050156
0.050201
0.050190
0.050192
0.050190
0.050187
0.050181
0.050187
0.050105
0.050077
0.050191
0.050073
0.050084
0.050104
0.050109
0.050117
0.050089
0.050147
0.050150
0.050152
0.050157
0.050116
0.050125
0.050076
0.050080
0.050075
0.050104
0.050076
0.050105
0.050074
0.050069
0.050068
0.050072
0.050312
0.050092
0.050069
0.050091
0.050191
0.050186
0.050135
0.050099
0.050191
0.050131
0.050092
0.050101
0.050127
0.050138
0.050092
0.050188
0.050090
0.050082
0.050121
0.050182
0.050146
0.050141
0.050137
0.050136
0.050190
0.050104
0.050142
0.050098
0.050122
0.050128
0.050222
0.050101
0.050111
0.050088
0.050098
0.050083
0.050071
0.050297
0.050087
0.050074
0.050242
0.050078
0.050087
0.050105
0.050109
0.050101
0.050116
0.050115
0.050090
0.050148
0.050074
0.050066
0.050144
0.050213
0.050111
0.050089
0.050113
0.050240
0.050057
0.050100
0.050079
0.050077
0.050076
0.050127
0.050094
0.050078
0.050087
0.050111
0.050185
0.050098
0.050068
0.050081
0.050069
0.050092
0.050083
0.050068
0.050097
0.050102
0.050093
0.050116
0.050116
0.050144
0.050919
0.050230
0.050090
0.050071
0.050176
0.050101
0.050194
0.050122
0.050125
0.050189
0.050282
0.050279
0.050141
0.050611
0.050091
0.050900
0.050104
0.050077
0.050080
0.050043
0.050684
0.050076
0.050089
0.050107
0.050085
0.050092
0.050100
0.050101
0.050100
0.050109
0.050094
0.050116
0.050188
0.050104
0.050191
0.050078
0.050084
0.050187
0.050193
0.050106
0.050100
0.050087
0.050081
0.050083
0.050095
0.050077
0.050065
0.050070
0.050075
0.050082
0.050084
0.050073
0.050066
0.050075
0.050067
0.050061
0.050078
0.050090
0.050084
0.050089
0.050108
0.050129
0.050102
0.050115
0.050111
0.050225
0.050090
0.050100
0.050101
0.050076
0.050081
0.050066
0.050097
0.050073
0.050075
0.050096
0.050096
0.050102
0.050121
0.050092
0.050132
0.050134
0.050192
0.050129
0.050233
0.050138
0.050188
0.050162
0.050195
0.050084
0.050103
0.050082
0.050102
0.050099
0.050134
0.050105
0.050137
0.050117
0.050080
0.050185
0.050146
0.050188
0.050193
0.050194
0.050116
0.050189
0.050107
0.050188
0.050190
0.050152
0.050138
0.050103
0.050195
0.050130
0.050111
0.050108
0.050084
0.050120
0.050148
0.050102
0.050109
0.050094
0.050086
0.050110
0.050090
0.050107
0.050096
0.050132
0.050104
0.050178
0.050138
0.050125
0.050125
0.050191
0.050128
0.050231
0.050189
0.050142
0.050132
0.050113
0.050117
0.050081
0.050105
0.050082
0.050096
0.050084
0.050081
0.050087
0.050075
0.050096
0.050099
0.050093
0.050132
0.050085
0.050110
0.050099
0.050133
0.050089
0.050131
0.050107
0.050082
0.050101
0.050092
0.050083
0.050100
0.050071
0.050276
0.050103
0.050069
0.050101
0.050130
0.050096
0.050078
0.050079
0.050071
0.050093
0.050116
0.050189
0.050099
0.050101
0.050085
0.050112
0.050071
0.050075
0.050080
0.050073
0.050079
0.050116
0.050127
0.050104
0.050078
0.050089
0.050108
0.050122
0.050193
0.050184
0.050188
0.050136
0.050100
0.050130
0.050220
0.050188
0.050144
0.050184
0.050196
0.050191
0.050251
0.050144
0.050115
0.050137
0.050138
0.050138
0.050175
0.050089
0.050145
0.050145
0.050186
0.050102
0.050107
0.050174
0.050135
0.050140
0.050085
0.050075
0.050104
0.050190
0.050092
0.050138
0.050133
0.050134
0.050081
0.050116
0.050202
0.050190
0.050195
0.050147
