0.050105
0.050115
0.050188
0.050096
0.050121
0.050121
0.050096
0.050146
0.050093
0.050105
0.050121
0.050109
0.050099
0.050186
0.050204
0.050425
0.050180
0.050110
0.050192
0.050105
0.050192
0.050113
0.050130
0.050109
0.050130
0.050086
0.050133
0.050082
0.050084
0.050119
0.050115
0.050142
0.050158
0.050112
0.050068
0.050108
0.050123
0.050102
0.050119
0.050114
0.050156
0.050088
0.050097
0.050106
0.050124
0.050076
0.050130
0.050123
0.050111
0.050113
0.050132
0.050072
0.050186
0.050133
0.050135
0.050120
0.050186
0.050144
0.050193
0.050133
0.050139
0.050128
0.050112
0.050090
0.050101
0.050089
0.050104
0.050117
0.050100
0.050131
0.051712
0.050095
0.050078
0.050084
0.050144
0.050157
0.050175
0.050126
0.050135
0.050099
0.050171
0.050186
0.050183
0.050126
0.050189
0.050140
0.050147
0.050111
0.050189
0.050142
0.050107
0.050165
0.050092
0.050137
0.050188
0.050089
0.050075
0.050152
0.050202
0.050116
0.050105
0.050250
0.050106
0.050146
0.050161
0.050108
0.050173
0.050095
0.050129
0.050125
0.050151
0.050101
0.050083
0.050099
0.050116
0.050090
0.050106
0.050198
0.050131
0.050181
0.050110
0.050191
0.050110
0.050187
0.050100
0.050193
0.050117
0.050194
0.050104
0.050135
0.050079
0.050136
0.050101
0.050265
0.050111
0.050222
0.050134
0.050137
0.050081
0.050107
0.050096
0.050117
0.050164
0.050118
0.050143
0.050130
0.050123
0.050103
0.050096
0.050142
0.050121
0.050183
0.050129
0.050131
0.050103
0.050128
0.050187
0.050194
0.050124
0.050209
0.050104
0.050176
0.050102
0.050130
0.050101
0.050089
0.050142
0.050113
0.050118
0.050188
0.050141
0.050112
0.050151
0.050382
0.050099
0.050117
0.050102
0.050100
0.050114
0.050093
0.050111
0.050080
0.050087
0.050080
0.050093
0.050100
0.050075
0.050082
0.050109
0.050225
0.050101
0.050125
0.050084
0.050127
0.050122
0.050076
0.050071
0.050109
0.050120
0.050108
0.050095
0.050173
0.050187
0.050175
0.050095
0.050142
0.050189
0.050284
0.050085
0.050069
0.050109
0.050312
0.050296
0.050090
0.050072
0.050094
0.050083
0.050117
0.050127
0.050175
0.050087
0.051615
0.050081
0.050132
0.050111
0.050119
0.050191
0.050104
0.050106
0.050086
0.050108
0.050123
0.050091
0.050122
0.050114
0.050117
0.050065
0.050108
0.050123
0.050189
0.050187
0.050101
0.050082
0.050074
0.050096
0.050095
0.050077
0.050071
0.050183
0.050101
0.050077
0.050079
0.050074
0.050094
0.050086
0.050072
0.050091
0.050091
0.050179
0.050111
0.050081
0.050092
0.050098
0.050158
0.050093
0.050072
0.050102
0.050112
0.050105
0.050097
0.050178
0.050112
0.050081
0.050101
0.050087
0.050103
0.050120
0.050156
0.050196
0.050110
0.050113
0.050086
0.050287
0.050101
0.050103
0.050118
0.050122
0.050153
0.050080
0.050088
0.050098
0.050178
0.050117
0.050106
0.050095
0.050073
0.050065
0.050143
0.050193
0.050243
0.050089
0.050083
0.050146
0.050184
0.050119
0.050208
0.050189
0.050182
0.050188
0.050110
0.050192
0.050189
0.050187
0.050194
0.050101
0.050061
0.050075
0.052515
0.053344
0.050067
0.050108
0.050077
0.050067
0.050100
0.050183
0.050096
0.050073
0.050083
0.050089
0.050088
0.050074
0.050101
0.050067
0.050190
0.050189
0.050101
0.050130
0.050147
0.050134
0.050122
0.050091
0.050152
0.050087
0.050094
0.050109
0.050123
0.050142
0.050114
0.050079
0.050141
0.050150
0.050193
0.050193
0.050190
0.050091
0.050079
0.050110
0.050088
0.050098
0.050069
0.050127
0.050080
0.050095
0.050095
0.050072
0.050066
0.050129
0.050094
0.050082
0.050093
0.050101
0.050111
0.050121
0.050110
0.050119
0.050154
0.050110
0.050103
0.050081
0.050840
0.050078
0.050125
0.050094
0.050097
0.050179
0.050328
0.050077
0.050118
0.050126
0.050177
0.050185
0.050187
0.050185
0.050194
0.050079
0.050071
0.050145
0.050229
0.050184
0.050139
0.050189
0.050158
0.050194
0.050106
0.050196
0.050102
0.050174
0.050202
0.050184
0.050082
0.050189
0.050192
0.050204
0.050109
0.050107
0.050091
0.050102
0.050084
0.050096
0.050108
0.050084
0.050109
0.050107
0.050128
0.050090
0.050076
0.050087
0.050149
0.050160
0.050090
0.050101
0.050123
0.050110
0.050091
0.050099
0.050236
0.050085
0.050076
0.050080
0.050085
0.050072
0.050082
0.050082
0.050448
0.050068
0.050098
0.050091
0.050090
0.050081
0.050070
0.050095
0.050110
0.050081
0.050069
0.050078
0